2.060410380363464355e-02 -3.252371549606323242e-01 7.197813987731933594e-01
2.969079278409481049e-02 -3.560052216053009033e-01 7.095345258712768555e-01
2.877942658960819244e-02 -3.812238574028015137e-01 6.981585025787353516e-01
2.977442368865013123e-02 -4.026751816272735596e-01 6.906485557556152344e-01
2.212837152183055878e-02 -3.803157210350036621e-01 7.387474179267883301e-01
2.443215064704418182e-02 -4.049326181411743164e-01 7.485162019729614258e-01
2.696265839040279388e-02 -4.307813644409179688e-01 7.386726140975952148e-01
2.891778014600276947e-02 -4.545102417469024658e-01 7.293044328689575195e-01
2.978859702125191689e-03 -3.824175298213958740e-01 7.444151639938354492e-01
3.691742429509758949e-03 -4.049015343189239502e-01 7.527914643287658691e-01
4.418109543621540070e-03 -4.309873282909393311e-01 7.467607259750366211e-01
3.721348708495497704e-03 -4.603307843208312988e-01 7.386106848716735840e-01
-1.174795906990766525e-02 -3.772462606430053711e-01 7.454934120178222656e-01
-1.278306450694799423e-02 -3.971756100654602051e-01 7.588897943496704102e-01
-1.283355522900819778e-02 -4.199993014335632324e-01 7.645860910415649414e-01
-1.407479308545589447e-02 -4.457867741584777832e-01 7.733302116394042969e-01
-2.893316373229026794e-02 -3.665892779827117920e-01 7.434872984886169434e-01
-3.655402734875679016e-02 -3.914570808410644531e-01 7.464390397071838379e-01
-4.240058362483978271e-02 -4.065712988376617432e-01 7.432544231414794922e-01
-4.711916297674179077e-02 -4.216813147068023682e-01 7.417137026786804199e-01
