-3.059208095073699951e-01 -2.579448223114013672e-01 8.603043556213378906e-01
-2.888795733451843262e-01 -2.847523093223571777e-01 8.714937567710876465e-01
-2.644432783126831055e-01 -2.977092266082763672e-01 8.703919053077697754e-01
-2.554669976234436035e-01 -3.100198507308959961e-01 8.534974455833435059e-01
-3.120241165161132812e-01 -3.152329325675964355e-01 8.515570759773254395e-01
-3.055061399936676025e-01 -3.391263782978057861e-01 8.612185120582580566e-01
-3.005941212177276611e-01 -3.642476201057434082e-01 8.720006346702575684e-01
-2.994285821914672852e-01 -3.890386223793029785e-01 8.782210350036621094e-01
-3.015026748180389404e-01 -3.171460926532745361e-01 8.345605731010437012e-01
-2.938327491283416748e-01 -3.388557732105255127e-01 8.413479924201965332e-01
-2.845961749553680420e-01 -3.621020615100860596e-01 8.509221076965332031e-01
-2.735031247138977051e-01 -3.888364434242248535e-01 8.604178428649902344e-01
-2.921672761440277100e-01 -3.114277720451354980e-01 8.233834505081176758e-01
-2.740027606487274170e-01 -3.157266974449157715e-01 8.385255336761474609e-01
-2.721687257289886475e-01 -2.923440337181091309e-01 8.403297662734985352e-01
-2.921856939792633057e-01 -2.864081561565399170e-01 8.228060007095336914e-01
-2.797384858131408691e-01 -2.997047305107116699e-01 8.123823404312133789e-01
-2.591921687126159668e-01 -3.002895414829254150e-01 8.285908102989196777e-01
-2.581988871097564697e-01 -2.838696837425231934e-01 8.271185159683227539e-01
-2.701869308948516846e-01 -2.820456624031066895e-01 8.168271780014038086e-01
