7.508233451843261719e+02 2.247513216733932495e+02
6.421999740600585938e+02 2.466810679435729980e+02
5.567774963378906250e+02 2.008373415470123291e+02
4.981941032409667969e+02 1.615559291839599609e+02
5.766961669921875000e+02 2.995781135559082031e+02
4.990480613708496094e+02 3.370521891117095947e+02
4.190485095977783203e+02 3.827654635906219482e+02
3.472658157348632812e+02 4.250887262821197510e+02
5.518183135986328125e+02 2.451109778881072998e+02
4.799998569488525391e+02 2.700001931190490723e+02
3.996133232116699219e+02 2.997081470489501953e+02
3.037611579895019531e+02 3.306725335121154785e+02
5.517245292663574219e+02 1.961183971166610718e+02
5.124620819091796875e+02 1.879052531719207764e+02
5.800214767456054688e+02 1.521111041307449341e+02
6.229098701477050781e+02 1.606737291812896729e+02
5.637601089477539062e+02 1.323732349276542664e+02
5.322518920898437500e+02 1.100340199470520020e+02
5.802540206909179688e+02 7.908937990665435791e+01
6.015575981140136719e+02 9.044797450304031372e+01
