4.856393623352050781e+02 -7.683336317539215088e+01
4.229944324493408203e+02 -2.138645611703395844e+01
4.034520149230957031e+02 1.940273120999336243e+01
3.837930965423583984e+02 5.218697100877761841e+01
4.187781143188476562e+02 1.044038996100425720e+02
3.873247146606445312e+02 1.775481015443801880e+02
3.604978466033935547e+02 2.049078565835952759e+02
3.399237728118896484e+02 2.265266489982604980e+02
4.743852424621582031e+02 1.374593389034271240e+02
4.483016967773437500e+02 2.026638132333755493e+02
4.219751644134521484e+02 2.380343717336654663e+02
4.001322841644287109e+02 2.709523987770080566e+02
5.243188476562500000e+02 1.404841625690460205e+02
5.047808074951171875e+02 2.133993333578109741e+02
4.799999141693115234e+02 2.700000643730163574e+02
4.572780704498291016e+02 3.352302718162536621e+02
5.883431625366210938e+02 1.265584203600883484e+02
5.780528640747070312e+02 1.914171069860458374e+02
5.747452926635742188e+02 2.175625133514404297e+02
5.690481948852539062e+02 2.444387304782867432e+02
